The most common PWM is:

     1      2      3      4      5      6      7      8      9      10     
 A   0.778  0.000  0.000  0.444  0.333  0.333  0.444  0.000  0.000  0.667 
 G   0.000  0.222  0.556  0.556  0.000  0.111  0.111  0.667  1.000  0.333 
 C   0.000  0.000  0.333  0.000  0.667  0.333  0.111  0.333  0.000  0.000 
 T   0.222  0.778  0.111  0.000  0.000  0.222  0.333  0.000  0.000  0.000 
--------------------------------------------------------------------------
     A      T      G      G      C      A      A      G      G      A      

