The most common PWM is:

     1      2      3      4      5      6      7      8      9      10     
 A   1.000  0.758  0.970  0.879  0.485  0.970  0.818  0.515  0.970  0.606 
 G   0.000  0.121  0.030  0.000  0.333  0.030  0.152  0.000  0.000  0.091 
 C   0.000  0.000  0.000  0.000  0.000  0.000  0.030  0.061  0.030  0.000 
 T   0.000  0.121  0.000  0.121  0.182  0.000  0.000  0.424  0.000  0.303 
--------------------------------------------------------------------------
     A      A      A      A      A      A      A      A      A      A      

