The most common PWM is:

     1      2      3      4      5      6      7      8      9      10     
 A   0.800  0.836  0.927  0.618  0.855  0.818  0.836  0.873  0.964  0.927 
 G   0.000  0.018  0.000  0.127  0.018  0.000  0.036  0.000  0.018  0.000 
 C   0.000  0.018  0.000  0.164  0.091  0.000  0.000  0.000  0.018  0.000 
 T   0.200  0.127  0.073  0.091  0.036  0.182  0.127  0.127  0.000  0.073 
--------------------------------------------------------------------------
     A      A      A      A      A      A      A      A      A      A      

