The most common PWM is:

     1      2      3      4      5      6      7      8      9      10     
 A   0.556  0.667  0.222  0.000  0.000  0.556  0.000  0.444  0.778  1.000 
 G   0.444  0.000  0.778  0.556  0.000  0.000  0.889  0.111  0.000  0.000 
 C   0.000  0.333  0.000  0.111  0.889  0.444  0.111  0.000  0.222  0.000 
 T   0.000  0.000  0.000  0.333  0.111  0.000  0.000  0.444  0.000  0.000 
--------------------------------------------------------------------------
     A      A      G      G      C      A      G      A      A      A      

